00000000011100011
111111011000
11111011110001101
111011110011
11111111111000000
111111000001
11111100110010100
111001110110
00000001110111001
111110100110
11111101100001000
111100010101
00000100001000101
111101000101
11111101110100011
111100011110
00000000001110101
111100011110
00000011100111011
111100000000
00000011011110011
111011100110
00000000100110000
111110100101
00000010011001111
000010010101
00000001010110010
111101101110
11111100101000001
111001011101
00000010000010100
111101001001
00000010000010000
111101110001
00000000101100000
111101000100
11111111110000100
111111100110
11111101001100000
111011010100
11111111001011101
111010100011
11111111010101111
111100010010
00000100011011000
111100111101
11111100101011011
111010000101
00000001010001100
111001100101
00000000111000100
111110010110
11111111110001001
111111000001
11111111011111111
111110101010
00000001111000001
111100010010
11111110111101000
111101110010
00000010010110011
111101100011
